CameraID/C:CameraPosition[3]/D:CameraOrientation[3][3]/D
755	-970.4405707908235	563.6951007525622	294.49504125270477	0.45298927832344	-0.014337474132894847	-0.8914006678029225	0.8914696665796322	-0.0029051574797386783	0.45307106907020295	-0.009085554050668661	-0.9998929927224742	0.011465418094683048
756	-889.7082146615976	700.4674918959703	295.4588892094698	0.5608696338649451	-0.0017744928827315262	-0.827902231536557	0.8279039128716166	0.0004725472436346005	0.5608697600610763	-0.0006040364798562628	-0.9999983139356345	0.0017341470004975186
757	-798.8282387914355	787.7123384710244	297.3512807994384	0.684911504994302	-0.006640148373334976	-0.7285960051743489	0.7286088233407649	-0.0006767585655238791	0.6849297223422488	-0.005041118568967998	-0.9999777249656235	0.0043745509654730145
758	-831.2218392921144	733.1152034465122	305.5857935937633	0.634457923489814	0.0051594252744757065	-0.7729401811601138	0.772946546187934	-0.009534351852047271	0.6343995057303442	-0.004096346803785623	-0.999941236506225	-0.01003710502409192
759	-709.502241772626	850.5556815766844	298.19983299870154	0.6750672188622011	-0.003012617483681783	-0.7377500756716663	0.7377469972920001	-0.0022453668751480156	0.6750735710381747	-0.003690258024932228	-0.9999929412068334	0.0007067759308441664
760	-633.4568831561936	891.8176529086343	284.172168663446	0.8477511104060036	-0.020238417183597875	-0.5300079822750681	0.5303393853310285	0.01797268289936659	0.8475949026723233	-0.007628313843410491	-0.9996336274552297	0.025969591614135208
761	-448.86245800412667	975.2939898904598	300.5409656313898	0.8495922937900753	0.023322353581095797	-0.5269240952508776	0.5265682578264075	0.019908220614021324	0.84989971914435	0.030311782893456558	-0.9995297547224002	0.004633059723136153
762	-361.2171164282882	1026.2752673915593	293.56648142529076	0.9449372680274926	-0.0023535552224754775	-0.32724305992725505	0.3272509546932453	0.008659942472508756	0.9448977817990326	0.0006100369644391593	-0.999959732276349	0.008953305574726046
763	-403.1863722474443	1009.000466680039	302.73415204134307	0.914482814707216	-0.008107645492593695	-0.40454350531152117	0.40446068095734056	-0.010151724845952257	0.9144990432155607	-0.011521248399847464	-0.99991560072199	-0.006004354094364445
764	-315.62041502970584	1098.748140404477	296.13686279857336	0.9676369177680273	-0.005967700539708304	-0.25227600346180273	0.2523054759206914	0.004836763708872739	0.9676355473716629	-0.0045543597601273	-0.9999704956982943	0.006185914652049141
765	-140.81270141308605	1123.5284508865684	303.00530820719024	0.9823079881407735	0.008662110437467384	-0.18707213656125793	0.18712826099469165	-0.006192231379205969	0.9823159726929258	0.007350535485764618	-0.9999433104498051	-0.007703604010917228
766	-16.697616292307373	1126.8071304485102	282.09096868660674	0.9979886235371165	-0.004113728674295392	-0.06325965955398015	0.0633625824277423	0.03368187821413056	0.9974220341600923	-0.0019724194733338994	-0.9994241383498615	0.03387478774927537
767	134.59387238967776	1114.1395868217105	294.62544201867917	0.9984425237158253	0.004320470662841935	0.055622480789911985	-0.05564700590491175	0.005780310822264311	0.9984337728365443	0.003992188596659769	-0.9999739604309952	0.006011729381730641
768	61.714178460225824	1117.975037184469	283.0241072517463	0.9965925938225397	0.0011035273817164015	0.08247414240463094	-0.08246522515949352	0.03320854397620415	0.9960405008062546	-0.0016396882190056856	-0.9994478349740412	0.0331863916123181
769	208.6038568825707	1083.8410162097819	273.26510553751336	0.9805697656519136	-0.0013153561585337189	0.19616626755771946	-0.19581311257259226	0.053785763895341815	0.9791651119943091	-0.011838903411372994	-0.9985516318350148	0.05248312991472048
770	362.96667962591187	1046.444447667888	291.56540347033575	0.9575274268611209	-0.004247263275994594	0.28831092168591865	-0.2881759781663099	0.01985076953830639	0.9573716898658676	-0.009789403281608083	-0.999793932619818	0.017783697028138062
771	487.68238554280106	990.0763633591978	294.66754364130884	0.8901903445087815	-0.0014786213513222173	0.4555863960021575	-0.4555409742704046	0.011599726146627245	0.8901392402956366	-0.006600856316104831	-0.9999316276787239	0.009652391603715277
772	607.8911353277083	915.0634844817449	288.1525282520639	0.8589907286792695	0.004012212599325493	0.5119754195204244	-0.5119428827963723	0.020459995454512568	0.8587757992282625	-0.0070294236745506115	-0.9997826217413759	0.019628970088736885
773	708.4635012680681	841.3938599459834	289.4512321717872	0.7554452215671209	0.00764513395414091	0.6551672070076663	-0.6552062100607818	0.012949093452557228	0.7553390915850599	-0.002709152854626213	-0.9998869300603845	0.014791470015860146
774	802.4341740026825	742.4543521506964	283.449712159424	0.7055670606814083	0.013748354775021105	0.7085097780711124	-0.7085754044011626	0.027512508907345697	0.7050985449788928	-0.009798936632402094	-0.9995269103904123	0.029153666086288166
775	909.2931134011126	596.4203282483797	301.223804785483	0.6571126759114247	-0.0040474988550288655	0.7537814994476475	-0.7537754748699087	-0.01022268334609405	0.6570525323213118	0.005046250208732803	-0.9999395554223383	-0.00976836018003191
776	1006.6233338544494	453.2805816745113	297.1821299905249	0.5724848224836776	0.005337567939622458	0.8198979438895557	-0.819903178082222	0.009168285547991512	0.5724287913014009	-0.004461680905623406	-0.9999437248708551	0.009624993241347815
777	1064.4663529876404	342.04326395131847	284.0670211405579	0.4662132667310814	0.026201329475612333	0.8842842757041669	-0.8846356769376003	0.022910153446583734	0.4657197053574261	-0.008056613003428565	-0.999394124058554	0.03385964831696558
778	1143.85202166084	265.14523937172396	295.4273041232771	0.3052005588008762	0.009966822074495193	0.952235937866959	-0.9522758334618425	0.008268896045766813	0.3051267971888691	-0.004832795483523285	-0.9999161403917427	0.012014835491790051
779	1179.9491455997045	109.61663963147149	294.4186080109952	0.2239524469005399	0.015153987884594034	0.9744822513409127	-0.9745877333893295	0.00851361010345024	0.2238442949240729	-0.0049042282073340675	-0.9998489261354436	0.016675534518880642
780	1154.0270186248308	-205.70818865700005	304.71551091067494	-0.14066806296652726	-0.007215060929296022	0.9900305242552021	-0.989969363365487	0.014315695561678055	-0.1405550442293597	-0.013158862373971406	-0.999871493621241	-0.009156450439498308
781	1106.4062747808305	-391.976104902579	305.4263583929224	-0.2157076131127497	-0.0064555739963311175	0.9764366601114368	-0.9763763871448705	0.014354489072211188	-0.21559939533636438	-0.012624431517117665	-0.9998761294319684	-0.00939944259070354
782	1054.2137355181594	-545.5986322456579	292.9270368312853	-0.2739992639930696	0.01815377163318152	0.9615585493909071	-0.9616380507886606	0.00864633142859028	-0.2741851568342318	-0.013291448628404947	-0.9997978203258484	0.015088269120121279
783	988.9546526885799	-667.5277041938406	303.13510332495133	-0.39813622965010237	0.00402673798204322	0.9173174630525813	-0.9172837469505604	0.007884363908624546	-0.39815620601228446	-0.008835735415978548	-0.9999608103255749	0.0005546103843878104
784	772.1732607112305	-882.1720594425899	306.0982707469616	-0.7111247732119372	-0.01468673651652884	0.702912410400303	-0.7030450829481332	0.0071745872868870745	-0.7111090891274806	0.005400765383070884	-0.9998664036098805	-0.015427464649777251
785	631.8230060450213	-968.8953007491352	287.4253174598655	-0.7894582589203186	0.025948921677983353	0.6132555021247245	-0.6136690578481959	-0.012399126177821114	-0.7894659898372657	-0.012881958787631424	-0.9995863720228364	0.025712642882780426
786	298.62019635491214	-1137.0535526383014	291.5238426363637	-0.9149213613333106	0.0035800511529448962	0.4036162605863928	-0.40361677163796006	-0.016840001430342765	-0.914773150023751	0.003521963735158778	-0.999851787809357	0.01685224572215396
787	190.8393367374522	-1175.9567588072096	286.95742679445317	-0.9780129110566578	0.008307930197036633	0.2083787995510155	-0.2085313221998949	-0.027790854965838503	-0.9776207628941969	-0.002330980061020875	-0.9995792348163848	0.028912278634625775
788	32.63993750290793	-1192.5189084753345	285.0963132705615	-0.9846632651181543	0.01517110079902602	0.17380475260302955	-0.17418390731588673	-0.02889512766962571	-0.9842891028702527	-0.009910638678975205	-0.9994673127709092	0.031094532372637596
789	-212.89759065942823	-1186.126892207958	292.1698524950649	-0.989347666812783	0.004089886584781307	-0.14551449068675343	0.14540327759821325	-0.020343129642553488	-0.9891633049906587	-0.007005785880150035	-0.9997846917732186	0.01953174493309823
790	-425.07990697504425	-1131.4459564906251	300.0046874828795	-0.926591137938935	0.009180863322845477	-0.3759582089031651	0.3759207672412229	-0.005576301319978142	-0.9266350315093634	-0.010603765831011441	-0.9999423066418562	0.0017156742013081567
791	-671.1122973826926	-1004.7790506821063	306.6098626382699	-0.858830410230581	0.010537101185515037	-0.5121516337587697	0.5122464322429442	0.01038398224737351	-0.8587757364801714	-0.0037308333580422658	-0.9998905652176602	-0.01431567222180205
792	-771.8858384812914	-929.1050841161941	279.14754694357043	-0.7787571173944042	-0.026764955804542183	-0.6267543292617437	0.6273253562445771	-0.03402134368574301	-0.7780137823884812	-0.0004995199413887537	-0.9990626533479258	0.0432846989735485
793	-787.7125876560291	-907.2654580059327	285.0056268308457	-0.6828497444196516	-0.01936372826995406	-0.7303021789461555	0.7305391748716378	-0.025434359517076555	-0.6823969573011168	-0.00536101892199848	-0.9994889391001	0.03151380796848409
794	-899.5857821227352	-768.3537979129319	297.7784946685727	-0.66337688013923	-0.011991191862316963	-0.7481893652107477	0.7482497886404572	-0.000868452328307758	-0.6634165355114868	0.007305388165719591	-0.9999277259423672	0.009548517972627972
795	-979.7691673726753	-654.3812946416301	272.0474243163888	-0.5260133666268103	-0.048155662654357535	-0.8491118714776326	0.8503507826891035	-0.04693188056069183	-0.5241192087369684	-0.014611109128247484	-0.9977366540031274	0.0656360019249021
796	-1060.4868976108505	-508.5671895792325	282.2925329029014	-0.4490211572339118	-0.03642062010457558	-0.8927785496905243	0.8935184468902012	-0.015856185785712185	-0.4487464389153986	0.0021875610256271785	-0.9992107484427534	0.03966225880143492
797	-1093.8496605345438	-407.3734763528844	297.95794373767916	-0.27434910886027736	0.004943019319758937	-0.9616174566986474	0.9612871046539329	-0.02529876111630015	-0.2743849032145154	-0.02568402019992274	-0.9996677144161379	0.0021890318373865023
798	-1111.1239037970865	-316.8395004148733	291.551992666824	-0.026923674370664518	-0.026146604993199176	-0.9992954872337366	0.9994411129127179	-0.020518054099587825	-0.0263907422357621	-0.01981357055581989	-0.9994475296398987	0.0266844134005892
799	-1114.5402702494055	-93.78649580826755	303.94239851570904	-0.0837061326956977	0.004968289328986832	-0.9964780978276809	0.9964661543948478	-0.006570330450370303	-0.08373788809921372	-0.006963224445159764	-0.9999660728539327	-0.00440075520904298
800	-1098.3493700024892	87.70854111831417	309.129970130839	-0.030504520276016526	0.014730810933856052	-0.9994260740304707	0.9995069600232345	-0.00699024525906962	-0.03061002019485881	-0.007437143795953917	-0.9998670610038359	-0.01451031397693596
801	-1126.312969804658	209.69344405239855	313.3479897675438	0.1496736005036161	0.027886798297008984	-0.9883421167758787	0.9886373881352617	-0.018299910219791875	0.149201970721017	-0.01392580674042436	-0.999443565073431	-0.030308944883298942
901	-1125.1172361464846	206.64044710712173	307.54216841860494	0.14861231067950714	0.019033103295012635	-0.9887123555885493	0.988882009294824	-0.008089700070603117	0.14848208122800188	-0.005172311623339759	-0.9997861259948193	-0.020023722449684585
902	-1171.5916727227825	134.71674085427557	292.8208085352091	0.15561925295741005	-0.020239810356807775	-0.9876097398191742	0.9877919918078195	-0.003941705759633941	0.15572875096155075	-0.007044787386280159	-0.9997873839134123	0.019379317280471466
903	-1124.6178028641668	285.09747640063193	300.87114033181683	0.2791289855132889	0.0009383764612680047	-0.960253158753429	0.9602429014230149	-0.004997023447261677	0.2791211207045734	-0.0045364868600861275	-0.9999870745196082	-0.002295883421215329
904	-1054.4831079018982	390.7229482400369	290.55362808087136	0.45746753112382454	-0.02155958337105904	-0.8889649275040824	0.8891756992004056	0.0004233080324070957	0.45756572944417473	-0.009488620497350496	-0.9997674755537791	0.019363907298921092
