CameraID/C:CameraPosition[3]/D:CameraOrientation[3][3]/D
B2370344	846.9315276262868	392.8852266933459	1474.6904863158095	0.5210466842532702	-0.09384351841386165	0.8483535506381646	-0.852030885278611	0.0016600850066082957	0.5234888868439496	-0.050534378001709415	-0.9955855755129631	-0.07909259428355034
B2380354	854.2884383637685	368.4710818766268	1345.513019081348	0.5238640298615314	-0.09233343221252731	0.8467827439863734	-0.8507641233317882	-0.007659748982054247	0.5254918978414667	-0.04203432726630652	-0.9956986821028672	-0.08256663847997255
B2390365	835.726353039437	373.30015351603527	1223.7657425598695	0.522548072000595	-0.07572769689090764	0.8492401476449762	-0.8519252391599869	-0.006468008102450989	0.5236234828131625	-0.03415990823554201	-0.9971075572849629	-0.06789418144844138
B2400374	826.3798854384789	376.2033310282379	1088.988245562552	0.5225137945823904	-0.07633646157834305	0.8492067351975078	-0.8520268232305801	-0.009265040577403814	0.5234161360893501	-0.03208780090185994	-0.9970390682700437	-0.069881824364318
